1 0.813508443771927
2 0.808221138485794
3 0.221303678442257
4 0.954793860625791
5 1.10324128789056
6 0.750389627550906
7 0.397042161974007
8 0.770386666775017
9 0.464532036897261
10 0.575771214001515
11 0.442979585907317
12 0.676345462163596
13 0.626001985346654
14 0.268474434751932
15 0.717807350857199
16 0.720262160688736
17 0.66924758992472
18 0.488940382772914
19 0.717809345360928
20 0.727239779710107
21 0.470881358519828
22 0.648066903076447
23 0.904073590756158
24 0.525338681193569
25 0.62798043269168
26 0.689572370858484
27 0.575808587849103
28 0.514530930165128
29 0.573777810210757
30 0.950905115942041
31 0.984081356356014
32 0.598124763199452
33 0.155689058684239
34 0.126799346167025
35 0.423593558794696
36 0.371100705576471
37 0.096106330760974
38 0.340742271112645
39 0.507760427950889
40 0.712300479802368
41 0.692337896203903
42 0.692878739081486
43 0.639277168347808
44 0.36109769794642
45 0.73694679895764
46 0.495146295406881
47 0.668153964606532
48 0.693510909029416
49 0.454502691258896
50 0.680926350329427
51 0.842394192262353
52 1.15287180167747
53 0.566604219586274
54 0.827057747644585
55 0.391288034676117
56 0.749886060950178
57 0.900611599074123
58 0.56035460301425
59 0.419368497987584
60 0.472450429544504
61 0.372169005564801
62 0.980315082435364
63 0.721346890931783
64 0.607523705194785
65 0.51011544162766
66 0.139839476358715
67 0.92775634298736
68 0.745421216942842
69 0.218495248701686
70 0.725713276754591
71 0.592095894276187
72 0.51648985489515
73 0.318224878620638
74 0.242272504882323
75 1.00184410789475
76 0.619861503412716
77 0.60332548634794
78 0.433203839294692
79 0.596238224613806
80 0.799702039403264
81 0.717498336512183
82 0.851529191612182
83 1.0390441059285
84 0.858851688793531
85 0.715895084790525
86 0.719589670733311
87 0.811555731219009
88 0.608957000856106
89 0.443895667522468
90 0.873533125443024
91 0.161254206193502
92 0.317942052994275
93 0.375959840075502
94 0.428022712534021
95 0.49225968862888
96 0.821811814721632
97 0.383351897555828
98 -0.30814525484632
99 0.673510788528939
100 0.855403535796847
101 0.665627775828286
102 0.899423145090993
103 0.353239808684248
104 0.985078876605472
105 0.97442814764251
106 0.884453346262096
107 0.930825533821584
108 0.575062437520675
109 0.792004940196573
110 0.664643614975871
111 0.81769198535094
112 0.676999444884607
113 0.194934298695953
114 0.507551194156209
115 0.88874593499944
116 0.620479502479565
117 -0.085117228501692
118 0.87223921694819
119 0.584915547930138
120 0.549906337356627
121 0.633162456815918
122 0.919095755456627
123 0.645530752354623
124 0.742860121111573
125 0.718591174735413
126 0.79516550542791
127 0.515656992721883
128 0.662042388224293
129 0.754906983144851
130 0.76601456713119
131 0.656041894956755
132 0.941195685167492
133 0.692033062774251
134 0.579583479486724
135 0.291694630387803
136 0.322661950385597
137 0.476987911294793
138 0.387013891301322
139 0.662778205410863
140 0.257498034126904
141 0.729763652206477
142 0.39178479928921
143 0.368833477832057
144 0.901154511123357
145 0.459285283684055
146 0.693345771215897
147 0.537991612061966
148 0.608571549746827
149 0.593138269321979
150 0.23846682406302
151 0.424314658145454
152 0.964852088159937
153 0.711864698251459
154 0.66029326135079
155 0.486073538613397
156 0.492048803339031
157 1.00970592393569
158 0.968370793743877
159 0.598705512768934
160 0.558212463265637
161 0.594751457826393
162 0.891578056988676
163 0.112595676958022
164 0.456237826950847
165 0.756663115940098
166 0.401053145819829
167 0.485729872746246
168 0.672154786860803
169 0.878589528402741
170 -0.156631521706511
171 0.799345311957586
172 0.895633141537149
173 0.559719278315854
174 0.236056955227791
175 0.652294328514011
176 0.427692199808076
177 1.03304103742019
178 0.855101728776221
179 0.384464748790468
180 0.740365576460236
181 0.829149266216893
182 0.99450983608828
183 0.235869825189178
184 0.790485113982412
185 0.789488841534504
186 0.941091286037729
187 0.412715957418766
188 -0.288046552770867
189 0.656983243395325
190 0.718281020341531
191 1.09353475052976
192 0.443121363103854
193 0.595497325091509
194 0.746994103463221
195 0.699968051159764
196 0.020240338994733
197 0.370719349974367
198 0.502386780504444
199 0.735192505550216
200 0.484164097364697
