1 15
2 25
3 0
4 20
5 20
6 10
7 5
8 0
9 10
10 0
11 5
12 10
13 5
14 0
15 5
16 10
17 15
18 10
19 25
20 15
21 0
22 5
23 15
24 10
25 10
26 15
27 15
28 10
29 5
30 25
31 30
32 20
33 10
34 10
35 0
36 0
37 5
38 0
39 0
40 10
41 10
42 5
43 5
44 0
45 10
46 15
47 5
48 0
49 5
50 10
51 10
52 30
53 10
54 15
55 5
56 20
57 20
58 15
59 5
60 0
61 10
62 10
63 10
64 10
65 10
66 5
67 25
68 5
69 5
70 15
71 10
72 0
73 5
74 5
75 15
76 10
77 10
78 15
79 0
80 20
81 5
82 20
83 20
84 20
85 15
86 10
87 10
88 5
89 5
90 20
91 5
92 10
93 10
94 15
95 10
96 10
97 10
98 0
99 5
100 15
101 10
102 30
103 15
104 30
105 30
106 25
107 20
108 15
109 5
110 5
111 20
112 10
113 5
114 15
115 25
116 25
117 5
118 20
119 20
120 10
121 10
122 35
123 25
124 15
125 15
126 10
127 10
128 10
129 15
130 15
131 10
132 15
133 15
134 5
135 0
136 10
137 5
138 0
139 15
140 5
141 0
142 0
143 0
144 15
145 5
146 15
147 5
148 10
149 5
150 5
151 5
152 15
153 10
154 15
155 5
156 0
157 20
158 25
159 15
160 10
161 15
162 25
163 10
164 10
165 15
166 0
167 10
168 5
169 15
170 5
171 15
172 10
173 5
174 0
175 0
176 10
177 25
178 15
179 5
180 15
181 15
182 25
183 15
184 20
185 15
186 25
187 15
188 0
189 5
190 5
191 35
192 0
193 10
194 20
195 5
196 0
197 5
198 10
199 25
200 10
